0.000
0.017
0.194
0.345
0.403
0.472
0.469
0.531
0.551
0.552
0.581
0.559
0.594
0.607
0.630
0.636
0.000
0.012
0.133
0.176
0.385
0.456
0.512
0.485
0.509
0.573
0.553
0.593
0.541
0.615
0.638
0.628
0.586
0.648
0.642
0.648
0.617
0.661
0.649
0.649
0.611
0.658
0.587
0.667
0.670
0.672
0.644
0.670
0.648
0.652
0.625
0.664
0.621
0.638
0.633
0.645
0.486
0.655
0.647
0.589
0.531
0.651
0.658
0.647
0.660
0.666
0.655
0.584
0.649
0.648
0.308
0.626
0.647
0.612
0.639
0.611
0.607
0.612
0.607
0.636
0.590
0.619
0.604
0.609
0.606
0.617
0.592
0.624
0.582
0.579
0.623
0.617
0.595
0.610
0.596
0.491
0.612
0.549
0.570
0.569
0.611
0.582
0.581
0.591
0.600
0.595
0.589
0.564
0.611
0.614
0.524
0.596
0.572
0.579
0.528
0.423