0.000
0.017
0.194
0.345
0.403
0.472
0.469
0.531
0.551
0.552
0.581
0.559
0.594
0.607
0.630
0.636
0.655
0.644
0.630
0.613
0.640
0.640
0.677
0.658
0.640
0.642
0.667
0.656
0.691
0.673
0.645
0.679
0.692
0.672
0.671
0.648
0.665
0.627
0.649
0.640
0.674
0.671
0.677
0.661
0.677
0.682
0.686
0.643
0.660
0.670
0.665
0.650
0.664
0.654
0.665
0.661
0.662
0.597
0.670
0.605
0.648
0.643
0.656
0.627
0.619
0.583
0.650
0.644
0.619
0.656
0.647
0.576
0.643
0.614
0.639
0.644
0.632
0.609
0.630
0.606
0.629
0.599
0.636
0.622
0.632
0.629
0.622
0.627
0.636
0.599
0.589
0.607
0.600
0.616
0.619
0.630
0.607
0.585
0.614
0.619
0.004
0.194
0.380
0.432
0.508
0.549
0.523
0.524
0.584
0.628
0.608
0.615
0.595
0.622
0.570
0.633
0.616
0.662
0.587
0.659
0.661
0.647
0.644
0.666
0.544
0.645
0.656
0.669
0.553
0.652
0.667
0.641
0.653
0.641
0.656
0.657
0.653
0.678
0.669
0.638
0.600
0.658
0.508
0.655
0.653
0.645
0.653
0.632
0.645
0.638