0.002
0.130
0.271
0.355
0.404
0.449
0.484
0.509
0.537
0.517
0.569
0.597
0.588
0.595
0.610
0.625
0.632
0.631
0.612
0.632
0.642
0.642
0.655
0.635
0.642
0.652
0.663
0.640
0.665
0.652
0.647
0.657
0.667
0.648
0.658
0.658
0.662
0.637
0.654
0.657
0.658
0.655
0.646
0.649
0.657
0.660
0.657
0.650
0.641
0.645
0.651
0.644
0.639
0.640
0.631
0.641
0.630
0.636
0.645
0.620
0.624
0.625
0.634
0.607
0.618
0.621
0.624
0.614
0.621
0.631
0.612
0.634
0.626
0.648
0.628
0.619
0.602
0.609
0.608
0.612
0.603
0.595
0.615
0.594
0.608
0.608
0.593
0.601
0.606
0.609
0.606
0.596
0.586
0.597
0.590
0.594
0.588
0.578
0.603
0.609
0.656
0.653
0.655
0.658
0.654
0.653
0.649
0.652
0.656
0.657
0.655
0.652
0.652
0.658
0.657
0.654
0.654
0.656
0.653
0.655
0.653
0.656
0.654
0.654
0.656
0.654
0.654
0.656
0.656
0.654
0.655
0.655
0.656
0.652
0.653
0.656
0.653
0.653
0.651
0.654
0.649
0.650
0.655
0.650
0.654
0.652
0.652
0.651
0.652
0.653