0.072
0.414
0.426
0.347
0.343
0.339
0.217
0.380
0.035
0.504
0.390
0.062
0.454
0.082
0.327
0.462
0.138
0.426
0.012
0.000
0.248
0.000
0.232
0.438
0.000
0.000
0.112
0.518
0.514
0.000
0.093
0.001
0.492
0.000
0.000
0.000
0.145
0.000
0.015
0.438
0.003
0.000
0.000
0.000
0.063
0.001
0.372
0.001
0.001
0.000
0.014
0.356
0.000
0.011
0.185
0.476
0.000
0.346
0.599
0.530
0.017
0.000
0.014
0.038
0.002
0.011
0.034
0.008
0.047
0.000
0.001
0.002
0.000
0.004
0.010
0.004
0.527
0.002
0.029
0.002
0.020
0.025
0.004
0.018
0.542
0.036
0.283
0.005
0.000
0.470
0.534
0.002
0.053
0.026
0.035
0.360
0.021
0.013
0.400
0.000
0.039
0.035
0.020
0.026
0.482
0.073
0.458
0.017
0.151
0.027
0.007
0.046
0.169
0.088
0.164