0.000
0.017
0.194
0.345
0.403
0.472
0.469
0.531
0.551
0.552
0.581
0.559
0.594
0.607
0.630
0.636
0.655
0.644
0.630
0.613
0.640
0.640
0.677
0.658
0.640
0.642
0.667
0.656
0.691
0.673
0.645
0.679
0.692
0.672
0.671
0.648
0.665
0.627
0.649
0.640
0.674
0.671
0.677
0.661
0.677
0.682
0.686
0.643
0.660
0.670
0.665
0.650
0.664
0.654
0.665
0.661
0.662
0.597
0.670
0.605
0.648
0.643
0.656
0.627
0.619
0.583
0.650
0.644
0.619
0.656
0.647
0.576
0.643
0.614
0.639
0.644
0.632
0.609
0.630
0.606
0.629
0.599
0.636
0.622
0.632
0.629
0.622
0.627
0.636
0.599
0.589
0.607
0.600
0.616
0.619
0.630
0.607
0.585
0.614
0.619
0.009
0.174
0.424
0.461
0.532
0.536
0.569
0.557
0.598
0.530
0.585
0.608
0.511
0.620
0.630
0.619
0.521
0.634
0.600
0.655
0.638
0.628
0.634
0.613
0.665
0.649
0.655
0.664
0.666
0.673
0.623
0.606
0.660
0.662
0.573
0.651
0.638
0.644
0.659
0.655
0.656
0.659
0.625
0.671
0.452
0.646
0.660
0.635
0.595
0.646