0.188
0.248
0.080
0.405
0.106
0.018
0.108
0.010
0.007
0.247
0.019
0.011
0.001
0.007
0.164
0.054
0.006
0.000
0.056
0.023
0.000
0.000
0.289
0.003
0.018
0.198
0.000
0.000
0.016
0.000
0.015
0.005
0.000
0.000
0.000
0.015
0.032
0.000
0.006
0.058
0.127
0.000
0.000
0.000
0.000
0.000
0.016
0.000
0.001
0.000
0.000
0.002
0.000
0.003
0.000
0.503
0.000
0.008
0.000
0.000
0.011
0.227
0.006
0.151
0.004
0.178
0.000
0.010
0.000
0.027
0.000
0.004
0.000
0.000
0.000
0.000
0.000
0.000
0.000
0.000
0.000
0.000
0.000
0.128
0.000
0.412
0.000
0.008
0.017
0.000
0.001
0.021
0.121
0.012
0.001
0.011
0.000
0.000
0.000
0.000
0.000
0.003
0.129
0.000
0.000
0.003
0.013
0.000
0.095
0.167
0.000
0.001
0.008
0.049
0.000
0.000
0.005
0.000
0.010
0.010
0.111
0.294
0.002
0.000
0.000
0.053
0.016